meilleurs temps
S1	 n° 23	25.025
S2	 n° 16	25.007
S3	 n° 5	25.008
tour	 n° 23	1,15.666
resumé dernière course
n              S1             S2             S3             dernier tour   meilleur tour  nb             diff            etat
23             32.336         28.490         39.013         1,45.642       1,15.666       16             +0.000          OUT
55             27.225         42.599         26.188         1,36.012       1,17.540       46             +1.874          en course
10             40.538         34.026         34.382         1,48.946       1,18.479       44             +0.939          en course
3              25.809         27.665         26.785         1,20.259       1,20.259       46             +1.780          en course
6              28.770         28.904         68.879         2,6.553        1,20.313       45             +0.054          en course
24             34.662         35.060         41.080         1,50.802       1,20.810       47             +0.497          en course
44             29.332         34.443         29.563         1,43.891       1,21.136       17             +0.326          OUT
16             39.191         41.583         39.312         2,0.086        1,21.639       48             +0.503          en course
5              30.413         34.066         38.801         1,43.280       1,21.960       48             +0.321          en course
4              32.659         28.875         35.202         1,52.826       1,22.517       17             +0.557          OUT
63             27.635         32.677         26.090         1,26.402       1,22.675       49             +0.158          en course
31             25.383         37.304         39.384         1,42.071       1,23.647       47             +0.972          en course
14             43.758         38.101         35.948         1,57.807       1,24.971       45             +1.324          en course
1              27.428         32.997         30.356         1,30.781       1,26.309       46             +1.338          en course
11             42.330         42.772         43.255         1,50.573       1,26.343       17             +0.034          OUT
22             33.665         43.886         34.127         1,52.785       1,27.274       17             +0.931          OUT
47             41.530         43.840         31.818         1,45.704       1,28.291       13             +1.017          OUT
9              38.603         32.555         32.261         1,43.419       1,28.753       46             +0.462          en course
77             37.600         30.699         30.317         1,46.820       1,29.538       22             +0.785          OUT
18             39.590         26.301         44.626         1,50.517       1,33.032       45             +3.494          en course
